Filename:Arc170_blinn1.png
0.407818 179.551 -77.2285
0.000000
0.010000
0.020000
0.030000
0.040000
0.050000
0.060000
0.070000
0.080000
0.090000
0.100000
0.110000
0.120000
0.130000
0.140000
0.150000
0.160000
0.170000
0.180000
0.190000
0.200000
0.210000
0.220000
0.230000
0.240000
0.250000
0.260000
0.270000
0.280000
0.290000
0.300000
0.310000
0.320000
0.330000
0.340000
0.350000
0.360000
0.370000
0.380000
0.390000
0.400000
0.410000
0.420000
0.430000
0.440000
0.450000
0.460000
0.470000
0.480000
0.490000
0.500000
0.510000
0.520000
0.530000
0.540000
0.550000
0.560000
0.570000
0.580000
0.590000
0.600000
0.610000
0.620000
0.630000
0.640000
0.650000
0.660000
0.670000
0.680000
0.690000
0.700000
0.710000
0.720000
0.730000
0.740000
0.750000
0.760000
0.770000
0.780000
0.790000
0.800000
0.810000
0.820000
0.830000
0.839999
0.849999
0.859999
0.869999
0.879999
0.889999
0.899999
0.909999
0.919999
0.929999
0.939999
0.949999
0.959999
0.969999
0.979999
0.989999
0.999999
0.000000
0.010000
0.020000
0.030000
0.040000
0.050000
0.060000
0.070000
0.080000
0.090000
0.100000
0.110000
0.120000
0.130000
0.140000
0.150000
0.160000
0.170000
0.180000
0.190000
0.200000
0.210000
0.220000
0.230000
0.240000
0.250000
0.260000
0.270000
0.280000
0.290000
0.300000
0.310000
0.320000
0.330000
0.340000
0.350000
0.360000
0.370000
0.380000
0.390000
0.400000
0.410000
0.420000
0.430000
0.440000
0.450000
0.460000
0.470000
0.480000
0.490000
0.500000
0.510000
0.520000
0.530000
0.540000
0.550000
0.560000
0.570000
0.580000
0.590000
0.600000
0.610000
0.620000
0.630000
0.640000
0.650000
0.660000
0.670000
0.680000
0.690000
0.700000
0.710000
0.720000
0.730000
0.740000
0.750000
0.760000
0.770000
0.780000
0.790000
0.800000
0.810000
0.820000
0.830000
0.839999
0.849999
0.859999
0.869999
0.879999
0.889999
0.899999
0.909999
0.919999
0.929999
0.939999
0.949999
0.959999
0.969999
0.979999
0.989999
0.999999
0.586599   0.586599
1.85598   1.26938
3.26679   1.41081
4.84094   1.57414
6.60441   1.76347
8.58802   1.98361
10.8282   2.2402
13.3677   2.53951
16.2561   2.88833
19.5493   3.29328
23.3084   3.7591
27.5953   4.28685
32.4654   4.87016
37.9544   5.48893
44.0606   6.10626
50.725   6.66436
57.8165   7.09153
65.1369   7.3204
72.4437   7.30672
79.4972   7.05355
86.1037   6.60649
92.1376   6.03385
97.5465   5.40891
102.332   4.78557
106.531   4.1992
110.202   3.67043
113.404   3.20252
116.2   2.79576
118.644   2.44393
120.785   2.14138
122.665   1.88009
124.321   1.6552
125.781   1.46026
127.071   1.29017
128.213   1.14188
129.224   1.01108
130.119   0.895493
130.912   0.792542
131.612   0.699982
132.229   0.61676
132.77   0.540802
133.241   0.471466
133.648   0.407318
133.996   0.347549
134.287   0.29158
134.526   0.238937
134.715   0.188156
134.854   0.139587
134.946   0.0922699
134.992   0.0460358
134.992   -0.000152588
134.946   -0.0457611
134.854   -0.0924988
134.715   -0.13942
134.526   -0.188263
134.288   -0.23877
133.996   -0.291565
133.648   -0.347809
133.241   -0.407196
132.77   -0.471359
132.229   -0.54097
131.612   -0.616577
130.912   -0.700104
130.119   -0.792542
129.224   -0.895508
128.213   -1.01118
127.071   -1.14167
125.781   -1.29026
124.321   -1.46002
122.665   -1.65535
120.785   -1.88013
118.644   -2.14128
116.2   -2.44407
113.404   -2.79563
110.202   -3.20253
106.531   -3.67036
102.332   -4.19931
97.5468   -4.78533
92.1379   -5.40887
86.1039   -6.034
79.4977   -6.60615
72.444   -7.05378
65.1367   -7.30724
57.8172   -7.31954
50.7255   -7.09167
44.0611   -6.66445
37.9543   -6.10678
32.4656   -5.48869
27.5956   -4.86998
23.3088   -4.28681
19.5495   -3.75933
16.2563   -3.29319
13.368   -2.88825
10.8281   -2.53988
8.58817   -2.23997
6.6045   -1.98368
4.84101   -1.76348
3.26691   -1.57411
1.85617   -1.41074
0.586647   -1.26952
0   -0.586647
-0.586527   -0.586527
-1.85591   -1.26938
-3.26689   -1.41098
-4.84113   -1.57424
-6.60431   -1.76318
-8.58796   -1.98366
-10.8283   -2.24031
-13.3676   -2.53931
-16.256   -2.88839
-19.55   -3.29404
-23.3085   -3.75846
-27.5949   -4.28645
-32.4654   -4.87046
-37.9541   -5.48873
-44.0608   -6.10675
-50.7251   -6.66428
-57.8162   -7.0911
-65.137   -7.3208
-72.4438   -7.30676
-79.4972   -7.05342
-86.1037   -6.60649
-92.1376   -6.03386
-97.5466   -5.40901
-102.332   -4.78526
-106.531   -4.19944
-110.202   -3.67033
-113.404   -3.20259
-116.2   -2.79574
-118.644   -2.44396
-120.785   -2.14129
-122.665   -1.88024
-124.321   -1.6552
-125.781   -1.46004
-127.071   -1.29034
-128.213   -1.14171
-129.224   -1.01125
-130.119   -0.89537
-130.912   -0.792618
-131.612   -0.699921
-132.229   -0.616943
-132.77   -0.54068
-133.241   -0.47142
-133.648   -0.407364
-133.996   -0.347504
-134.288   -0.291794
-134.526   -0.238663
-134.715   -0.188324
-134.854   -0.139465
-134.946   -0.0923309
-134.992   -0.04599
-134.992   0
-134.946   0.0459137
-134.854   0.0923462
-134.715   0.139587
-134.526   0.188263
-134.288   0.238708
-133.996   0.291565
-133.648   0.347809
-133.241   0.40712
-132.77   0.471542
-132.229   0.54068
-131.612   0.616928
-130.912   0.699936
-130.119   0.79248
-129.224   0.895645
-128.213   1.01094
-127.071   1.14184
-125.781   1.29031
-124.321   1.46007
-122.666   1.65509
-120.785   1.88029
-118.644   2.14135
-116.2   2.44386
-113.404   2.79595
-110.202   3.20222
-106.531   3.67052
-102.332   4.19934
-97.5468   4.78522
-92.1379   5.40891
-86.1039   6.03401
-79.4977   6.60614
-72.4438   7.05392
-65.137   7.30685
-57.8171   7.31985
-50.7254   7.09168
-44.0609   6.66457
-37.9546   6.10625
-32.4657   5.48891
-27.5956   4.87007
-23.3086   4.28699
-19.5495   3.75911
-16.2563   3.29327
-13.3679   2.88839
-10.8284   2.53952
-8.58815   2.2402
-6.60452   1.98363
-4.84104   1.76348
-3.26689   1.57415
-1.85607   1.41082
-0.586677   1.26939
-0   0.586677
-180   -180
0.586599   180.587
1.85598   1.26938
3.26679   1.41081
4.84094   1.57414
6.60441   1.76347
8.58802   1.98361
10.8282   2.2402
13.3677   2.53951
16.2561   2.88833
19.5493   3.29328
